0 58.660854 54.000000
0 65.653214 54.000000
0 58.309521 55.000000
0 61.032780 54.000000
0 54.083271 53.000000
0 54.817879 53.000000
0 53.748386 53.000000
0 54.478447 53.000000
0 62.699680 53.000000
0 71.656776 54.000000
0 57.783119 54.000000
0 63.245552 55.000000
0 56.616955 53.000000
0 54.659439 53.000000
0 57.385979 53.000000
0 62.549980 54.000000
0 54.083271 54.000000
0 55.198856 53.000000
0 54.251358 52.000000
0 53.748386 53.000000
0 62.699680 54.000000
0 57.146770 53.000000
0 54.589375 54.000000
0 62.948391 54.000000
0 62.500000 54.000000
0 60.878979 55.000000
0 57.385979 54.000000
0 58.567371 54.000000
0 61.745445 55.000000
0 60.878979 53.000000
0 49.640217 40.000000
0 58.660854 53.000000
0 47.307678 43.000000
0 54.451813 52.000000
0 45.817028 42.000000
0 53.794304 52.000000
0 45.069389 41.000000
0 62.948391 53.000000
0 40.422604 39.000000
0 57.814060 54.000000
0 48.839748 40.000000
0 56.617626 53.000000
0 45.042202 41.000000
0 54.405884 52.000000
0 44.721359 43.000000
0 62.699680 53.000000
0 49.380779 40.000000
0 71.599792 55.000000
0 51.419842 41.000000
0 56.035702 52.000000
0 48.044323 41.000000
0 64.966835 53.000000
0 43.386093 43.000000
0 53.748386 52.000000
0 46.647614 42.000000
0 58.940414 55.000000
0 42.854362 44.000000
0 63.097149 54.000000
0 45.592636 44.000000
0 57.908760 54.000000
0 48.095818 41.000000
0 62.699680 54.000000
0 45.938488 40.000000
0 60.878979 54.000000
0 58.547226 53.000000
0 55.226807 52.000000
0 62.649822 53.000000
0 54.659439 53.000000
0 55.901699 52.000000
0 55.542778 52.000000
0 67.962257 52.000000
-1 87.241684 71.000000
-1 90.982292 78.000000
-1 87.241684 69.000000
-1 72.843140 70.000000
-1 87.241684 69.000000
-1 86.730743 69.000000
-1 87.241684 69.000000
-1 87.241684 70.000000
-1 87.241684 69.000000
-1 87.241684 70.000000
-1 87.241684 71.000000
-1 81.055534 69.000000
-1 86.922699 70.000000
-1 72.337082 69.000000
-1 86.023254 69.000000
-1 87.241684 71.000000
-1 77.517021 70.000000
-1 87.686310 70.000000
-1 87.686310 71.000000
-1 77.574341 71.000000
-1 87.686310 71.000000
-1 90.618790 71.000000
-1 81.055534 69.000000
-1 87.686310 71.000000
-1 87.241684 71.000000
-1 86.922699 71.000000
-1 75.483627 70.000000
-1 82.462112 70.000000
-1 82.219215 70.000000
-1 86.922699 70.000000
-1 87.241684 70.000000
-1 87.686310 70.000000
-1 86.730743 69.000000
-1 86.922699 70.000000
-1 82.462112 70.000000
-1 86.922699 69.000000
-1 82.280006 69.000000
-1 86.922699 70.000000
-1 77.574341 70.000000
-1 86.730743 69.000000
-1 76.419891 70.000000
-1 87.686310 71.000000
-1 87.686310 71.000000
-1 86.922699 71.000000
-1 87.686310 70.000000
-1 87.241684 71.000000
-1 86.730743 71.000000
-1 77.746025 71.000000
-1 87.241684 71.000000
-1 76.419891 71.000000
-1 86.730743 71.000000
-1 75.483627 69.000000
-1 86.922699 70.000000
-1 86.922699 70.000000
-1 86.922699 70.000000
-1 90.032677 70.000000
-1 82.462112 70.000000
-1 80.622574 69.000000
-1 87.686310 70.000000
-1 75.483627 70.000000
-1 72.337082 70.000000
-1 82.462112 70.000000
-1 86.922699 70.000000
-1 86.730743 70.000000
-1 76.419891 70.000000
-1 82.462112 70.000000
-1 82.462112 70.000000
-1 86.922699 70.000000
-1 87.241684 70.000000
-1 87.686310 70.000000
-1 87.241684 70.000000
1 73.791977 86.000000
1 78.050003 85.000000
1 77.768005 86.000000
1 24.258226 62.000000
1 75.313553 83.000000
1 71.661598 84.000000
1 70.062996 84.000000
1 75.915741 85.000000
1 72.294334 87.000000
1 71.867683 88.000000
1 74.789322 83.000000
1 71.661598 83.000000
1 70.062996 86.000000
1 68.426544 87.000000
1 87.434547 96.000000
1 86.051147 95.000000
1 87.361320 95.000000
1 24.723410 62.000000
1 83.776260 96.000000
1 78.413475 85.000000
1 79.400406 85.000000
1 74.014359 86.000000
1 76.950424 83.000000
1 23.896053 62.000000
1 72.149536 87.000000
1 73.494621 86.000000
1 73.883850 85.000000
1 23.604586 62.000000
1 24.845200 63.000000
1 24.545246 62.000000
1 25.079872 62.000000
1 78.366951 86.000000
1 70.710678 86.000000
1 80.223824 97.000000
1 81.348923 96.000000
1 82.964310 96.000000
1 75.153175 84.000000
1 72.780899 84.000000
1 72.375656 84.000000
1 75.408226 83.000000
1 76.864792 86.000000
1 73.756355 86.000000
1 78.805740 84.000000
1 72.886902 83.000000
1 69.388084 83.000000
1 71.982903 83.000000
1 70.627441 84.000000
1 24.261946 62.000000
1 24.258226 62.000000
1 25.253813 62.000000
1 24.802397 63.000000
1 72.543091 84.000000
1 69.122581 86.000000
1 67.853798 84.000000
1 72.324059 85.000000
1 83.517555 97.000000
1 88.254181 96.000000
1 81.394104 96.000000
1 75.097733 85.000000
1 76.385277 85.000000
1 75.030052 85.000000
1 74.124222 86.000000
1 24.723410 62.000000
1 23.492271 63.000000
1 25.434992 62.000000
1 83.334358 97.000000
1 85.435356 95.000000
1 82.741486 96.000000
1 84.871223 94.000000
